14.814855 24.367811
17.278829 41.731408
16.733809 62.042909
14.619346 12.908841
13.171750 14.891687
5.455057 21.371098
18.941261 49.088039
19.342637 1.451001
5.888650 39.660718
0.670118 22.001152
1.244325 27.263502
23.020295 56.413280
19.115082 45.062629
6.702900 8.608893
15.723846 19.044214
7.744382 10.372600
22.652589 10.022187
27.447336 54.999323
7.835258 44.134195
23.114804 59.892930
14.924420 55.187140
9.202652 32.876750
23.072941 44.885704
20.370923 1.864129
7.587722 57.033980
16.612043 62.140913
3.039686 28.603426
18.953502 50.707558
4.033267 39.583724
17.556759 48.882577
23.059021 61.154982
5.764076 35.085096
14.719493 50.443746
14.031463 40.052679
13.060000 13.228877
6.515442 10.987971
10.002550 44.234687
23.956826 43.138111
27.257987 57.121211
1.200450 21.592906
17.579161 46.326393
1.456875 52.122592
4.098627 58.297265
4.438540 50.738846
13.051790 20.948525
7.083095 49.960975
2.681800 29.943748
5.388200 27.694430
0.723800 34.402455
18.825054 36.121248
8.523388 38.749042
1.281500 51.765755
15.017654 41.772357
4.373473 57.461584
3.194259 48.982448
9.946754 58.442134
4.639893 27.877157
23.955507 61.165134
25.645060 0.836541
4.879150 28.987615
4.422388 57.922851
1.239104 21.352694
23.475767 4.372748
4.396375 29.037411
26.749545 57.965562
12.005700 61.518484
11.374154 16.323989
3.772525 19.098446
6.911573 23.676182
9.100644 52.799950
15.543869 51.319275
3.477000 21.622114
0.840550 21.942239
17.974821 44.146732
5.765643 28.728700
22.281282 47.402979
5.576077 56.423662
9.621185 58.347089
10.097429 2.224677
16.183909 53.621757
1.562450 49.626180
16.247964 12.611584
18.774339 45.647167
4.339000 16.001139
4.913005 38.705744
11.533611 43.786401
1.060358 34.639423
8.236039 43.474995
5.310975 40.482452
25.589389 7.388182
21.875652 60.947854
14.956814 38.515607
18.332960 38.498778
2.450732 39.667486
12.632325 15.873725
8.261481 34.766522
10.303881 44.620991
0.836600 38.062939
15.408189 56.253757
15.482462 18.760165
25.035927 7.682004
16.729779 56.223955
15.599736 5.599285
11.873657 38.862914
21.895236 0.867476
15.043551 56.004358
20.853693 56.346430
1.845575 43.464212
6.637486 19.829826
28.318725 59.680695
12.382932 20.049757
24.022445 48.812807
18.603500 19.518254
15.951395 55.363616
12.290857 51.513095
28.470818 51.871650
0.653889 13.735314
17.079845 52.627854
18.118032 2.084846
4.360116 27.879095
9.814230 21.882911
5.794732 20.835088
1.002700 21.194574
9.280191 8.781325
1.104150 21.618247
25.756641 55.021769
18.205941 38.460235
10.010788 9.210159
10.543201 0.882622
19.655388 54.836424
23.109055 60.712698
0.553243 19.634299
8.439779 55.022380
17.819577 20.675032
18.260454 5.437627
17.947134 38.356927
28.623630 53.798939
24.121596 44.739586
5.170900 26.666954
30.307017 2.114920
14.844654 10.238838
27.541496 9.605411
10.784875 5.808498
4.128738 39.476811
14.656240 21.557175
8.435838 36.667932
6.602250 15.254643
15.486066 17.969640
4.372783 57.341375
5.056300 17.290750
18.019517 34.474070
29.372645 4.425936
16.164051 57.422357
16.403008 3.915314
19.743975 15.975012
13.845277 3.661667
14.499667 57.830896
9.139645 11.937508
1.400975 28.229045
8.512748 53.617950
7.715875 15.317339
25.523576 8.283346
14.427020 5.815407
15.647186 34.238889
14.448243 19.763364
21.237379 2.506096
7.510135 56.563861
6.812251 47.339636
11.269282 0.924561
11.717249 48.509104
4.147174 53.230446
9.198875 16.380797
4.155130 55.493323
6.191268 28.291577
13.982548 22.893418
8.336804 62.141935
23.711867 4.862584
18.309990 11.111974
17.934557 5.564515
1.037650 27.693413
22.919442 1.610697
20.102138 41.130837
22.009097 44.609055
14.902189 35.421693
8.946408 44.147854
10.979515 61.371636
19.980275 22.761298
7.715875 15.317339
18.461021 37.813107
1.088357 29.025767
7.192850 18.959914
10.127263 25.575907
26.864730 9.850811
20.794882 27.575311
16.899833 9.335621
8.330806 19.461324
21.095791 48.488036
12.501644 48.350675
10.152437 42.390204
25.051363 5.972479
4.765643 28.556666
13.397064 59.539034
11.673867 47.114425
16.370673 55.455651
16.495568 18.196590
1.247125 20.364342
6.026511 31.418418
7.626589 24.211343
1.684811 12.524567
11.526868 37.557305
9.563037 18.533164
18.920899 51.539335
20.813787 51.971050
10.436684 58.685464
13.537757 23.048575
20.084250 14.568042
11.896788 16.779805
16.136652 62.554041
16.676264 57.669686
25.116583 7.949080
28.758618 56.365973
13.414463 53.488825
22.772377 48.554738
14.599668 15.486747
14.256836 41.134789
11.914639 48.188850
7.264239 12.006111
18.111157 1.735020
19.758187 1.025555
5.961068 49.853523
2.784518 33.985711
5.017425 35.824898
18.559229 55.435072
18.527743 55.018428
10.979515 61.371636
2.218625 13.580993
11.629048 55.940094
16.108340 4.057400
13.795027 33.539199
13.458458 11.820520
12.722791 11.604264
21.541843 60.922329
22.255946 52.569118
0.653396 41.090804
13.918945 44.203395
25.290620 2.672952
18.045640 11.534967
19.238729 35.778446
15.073718 61.049764
28.721702 5.003898
15.729757 62.275402
3.315311 11.580230
19.768176 56.982144
16.905038 41.258143
2.439689 39.399429
29.166576 8.866238
13.428690 33.555701
15.456293 16.158998
21.760266 45.221159
20.387874 56.732198
21.973356 3.002246
29.920214 5.050030
9.745817 5.616368
7.892625 47.656046
27.607765 56.472329
15.879044 43.573361
16.244927 55.794073
6.918706 57.446362
3.957866 27.687800
4.053704 35.317473
10.299763 56.731738
2.622609 36.196027
8.109075 57.923364
1.909679 22.295653
10.199226 4.202948
11.191170 53.749202
14.639171 44.468890
4.324009 7.332373
16.739632 13.016074
29.809357 56.327049
4.017371 38.785402
5.930900 40.435423
20.377044 58.882637
4.838107 49.353998
8.262015 55.077904
16.211770 43.668825
21.598855 41.282743
1.057625 37.028638
6.600271 22.924011
20.493676 57.339083
1.293475 13.512429
9.920225 13.311314
23.476813 43.461899
4.043017 39.562174
18.647616 41.740908
11.750677 50.876882
12.252350 13.135275
7.805063 39.440690
0.659971 14.424662
3.994089 13.202686
19.878618 11.865181
8.018400 57.978937
10.124177 35.462362
1.956962 14.946646
0.618875 43.548378
17.695896 1.848220
3.433682 49.420848
9.502349 21.889286
16.444896 43.808787
9.736193 58.400357
13.459040 10.193421
11.285525 15.869212
3.410868 14.854060
6.801057 39.811950
12.808495 23.265375
20.173014 56.318838
23.284539 48.043900
19.981964 49.719812
7.252489 11.988032
18.261784 8.830491
11.696863 12.002425
7.247825 16.551839
13.338371 35.409307
22.881138 10.062750
4.930000 31.083798
3.697743 7.355178
14.694207 42.469146
4.139887 50.810241
6.492223 31.613161
11.628525 13.939632
4.018525 52.005607
7.652533 56.579661
12.151841 46.691264
30.312114 5.322830
15.609298 40.241132
1.164150 49.614961
13.737668 24.801768
28.291564 57.146549
26.722516 8.170842
1.846325 43.745676
23.360468 48.385271
24.751588 57.669446
6.589750 18.257289
17.378733 61.687895
19.381550 16.923524
10.484196 14.071310
6.834657 35.041796
21.750950 0.987670
25.508859 10.110425
7.252000 17.202604
5.587782 45.527150
9.532664 47.957702
23.895807 10.090100
9.909350 15.017075
0.685325 14.904773
27.968135 53.202753
26.525027 61.786941
9.960610 35.209660
7.823625 10.350082
15.408189 56.253757
2.875750 46.902269
18.437421 1.453608
4.328114 35.935146
11.767002 3.493518
3.227675 26.557130
18.118907 5.727746
22.653927 36.411143
22.861700 49.554172
19.934150 21.332732
16.500382 14.138593
26.139424 54.922169
22.529807 41.355425
16.141157 3.993261
15.569125 39.676420
20.741686 48.292004
5.225525 29.322425
16.277700 2.444318
9.410975 7.673014
21.530289 42.398656
22.574263 1.955393
19.241990 59.019486
5.011225 32.141157
24.047247 7.152564
9.551100 15.565002
7.492359 58.806313
29.390850 1.886125
17.782845 62.318452
7.141165 57.569004
3.007789 49.286608
15.942023 54.364240
2.389100 42.087311
15.238329 14.576845
15.339898 42.662005
2.066761 9.506698
3.500732 40.040989
16.782891 18.212001
10.323496 12.137721
15.801739 0.802103
16.546096 34.783443
11.438001 8.510055
3.706537 23.627079
19.880161 27.212905
11.807402 35.924364
10.254771 13.441800
4.860971 21.390341
9.764996 38.980640
0.740750 38.147285
20.168921 55.803033
2.488386 55.252608
6.664614 12.082250
21.019122 46.224287
7.050893 6.648330
17.405984 37.297920
19.912859 51.800876
18.755030 10.985861
11.072684 9.236880
17.963204 22.654702
4.316034 19.515114
14.926966 9.078096
9.933745 49.559975
28.266634 60.352224
7.685635 41.242873
10.538418 33.154733
3.451302 58.632720
3.254700 25.223253
17.043525 56.899639
18.376688 45.701154
21.598855 41.282743
18.633213 35.442657
16.774879 45.554323
21.560545 43.527190
24.117202 5.489318
22.708084 47.377386
16.387424 12.331696
11.220546 9.801762
20.959607 46.162225
11.093101 10.060675
11.627571 61.451395
19.631688 40.659554
14.394511 5.901123
22.920413 48.539655
0.184175 25.963404
11.077638 43.998876
8.028256 57.572281
18.681409 36.145529
14.422583 36.961407
16.174143 8.831193
24.401495 8.202993
16.582793 52.993558
17.367700 16.142298
29.404743 1.380332
16.300410 58.946062
4.961315 49.324737
22.420802 58.255701
19.823625 11.420102
8.309280 1.689436
15.655303 5.620068
28.616654 6.382164
3.603532 54.749442
12.867692 10.316096
19.463630 53.484764
10.264340 7.962685
11.467250 17.978954
21.401000 2.830889
19.820786 37.574686
14.930243 44.063082
7.763204 35.718464
9.976111 6.001278
14.283909 45.796468
1.643375 27.194111
5.301829 43.974850
20.091339 21.704440
15.094104 52.314925
20.211025 13.805373
11.042706 50.724491
27.173699 56.858638
18.097979 18.623775
4.854000 40.070518
26.792433 6.068929
3.320926 7.427875
22.845934 40.963999
12.176216 10.290200
9.461180 51.645287
8.047646 54.792720
14.900234 57.612051
11.056710 2.286311
26.963521 58.201258
18.040980 37.514977
10.120995 4.128655
5.280198 35.514614
23.534609 56.721815
7.318098 9.186607
24.269166 43.972298
28.929799 9.374857
2.897050 31.767877
9.923300 15.149361
16.152195 52.376975
