14.982310 24.837564
18.697699 41.315769
18.407421 61.737598
14.746334 13.100908
13.040184 15.643921
4.579308 23.297142
19.570951 49.767788
19.161091 1.583650
6.187261 40.592136
0.316245 22.740452
0.969543 26.673639
22.010504 57.118229
19.100908 43.845345
7.052455 8.758543
15.901499 18.902800
7.344159 10.677263
20.691828 9.838762
27.549440 54.602402
8.846517 45.797874
24.572233 60.927162
14.243011 54.710033
8.825599 32.875916
23.743597 44.670948
19.806152 1.581475
7.354205 56.865643
19.176464 62.056599
1.934256 28.136196
19.267176 50.712830
3.999760 40.175289
17.819977 48.926517
18.921402 58.809494
5.190709 34.403629
14.739408 50.992741
13.549894 40.420498
13.364529 12.970753
4.705108 10.074280
10.428061 45.200100
23.733044 42.402641
26.926613 56.957531
0.981519 22.045256
17.854538 46.728394
1.095946 52.375446
4.083670 57.608265
5.291105 50.774712
12.675860 20.564720
5.900537 51.792484
2.616903 29.363853
4.473109 28.953531
1.410247 36.525635
17.736649 36.446014
8.788110 38.517315
1.412295 52.091003
14.779593 41.233768
2.077552 58.778477
3.447629 49.588833
9.975570 58.600651
4.814083 27.060171
30.016939 61.333202
25.709375 1.561564
4.583718 27.413588
4.655581 57.041271
2.213810 23.647114
21.476006 3.998722
4.324853 29.379530
26.227533 57.194073
11.560316 61.471561
10.475363 17.208420
2.299494 20.357357
7.844073 22.950281
8.943064 52.365940
15.797782 51.503414
2.341465 22.306170
0.762728 21.938454
18.052965 44.020760
5.799802 28.951658
22.323219 46.261562
6.046610 56.124462
9.232729 58.419109
10.213190 1.613829
14.646318 52.607113
1.210165 49.846096
16.004147 12.790483
18.725197 46.366909
4.594232 16.259886
29.681532 55.778790
11.314870 44.168648
1.409285 34.857304
9.114030 43.871872
6.004915 40.824516
25.043871 7.552618
19.744255 52.916420
14.859738 39.174690
18.654984 38.197292
2.055822 39.349621
12.492043 16.146460
9.324637 36.288418
10.269916 46.260769
0.815400 38.222813
16.399330 55.815899
15.675251 19.640207
24.918770 7.554900
12.500911 55.412724
17.054071 5.753906
11.692369 37.921497
22.172009 1.573495
15.576816 56.137775
21.153152 56.434814
2.086709 44.015621
6.495122 20.291677
28.417459 59.198563
12.738565 20.271950
26.195728 55.362366
19.012018 19.352486
16.484947 54.980793
14.681940 52.965031
29.137808 56.476627
0.002964 12.199617
16.260080 52.414516
17.866232 1.588018
6.209861 28.708246
9.891614 22.432138
5.463226 19.957212
1.012848 21.155315
10.934512 7.333396
0.873738 22.270760
27.318258 54.203854
17.820589 38.299305
9.090360 8.428717
10.584826 1.612576
19.887291 55.075111
12.844405 55.750744
0.584337 18.798790
7.637627 55.347401
16.205009 19.297516
17.824835 4.094680
17.740396 38.184631
28.874374 53.619740
23.637503 44.043335
4.893464 26.940556
31.345793 1.542554
12.286370 10.141253
27.382637 10.419933
10.031307 5.977466
3.697252 39.017063
14.571551 21.327101
8.240662 37.023682
6.277184 14.754843
15.614450 18.205605
4.938280 57.663956
10.827312 17.801458
18.425352 34.788605
31.071892 3.943620
16.439453 57.538280
15.617550 1.595602
19.484064 16.030140
13.986830 3.361191
14.176553 56.743473
10.416570 10.748684
0.801804 28.239616
9.640673 52.099834
7.785148 14.758989
25.784754 8.327988
14.469028 4.368841
13.171927 33.500156
14.164764 20.975479
21.796871 1.574760
7.377283 56.864265
8.926451 48.803883
10.891052 1.611543
11.973075 49.213482
4.031397 53.686543
9.024157 17.861357
4.767570 55.953365
7.121069 30.528708
14.380132 23.324127
8.003349 62.329762
21.188047 4.527208
19.227741 11.130735
17.946890 4.363709
0.581016 28.249205
22.662962 1.571839
20.451460 41.520771
22.686279 48.243675
14.523675 35.172245
9.303012 44.963478
10.995852 61.004192
19.122002 22.784889
7.785148 14.758989
18.324076 37.390980
1.318188 24.646261
6.583012 19.328285
9.895497 3.960998
27.526068 10.505863
23.695480 37.943199
17.619638 9.769157
8.257413 20.349337
22.006575 48.964451
14.002179 48.896626
10.309043 43.323612
28.092932 5.329328
5.459471 27.706495
12.958908 59.050663
11.912760 48.158222
17.123196 55.383045
16.348917 18.762144
1.133478 18.091080
6.751636 32.262630
6.561922 23.453259
1.139973 12.596287
11.377102 37.061245
9.336582 18.874386
20.003149 51.897427
21.179581 51.663982
10.778011 58.506535
13.977239 23.471268
19.664915 13.808802
12.155698 19.085934
15.377033 62.080807
18.080650 57.324017
23.991430 7.561845
29.106049 56.533245
13.166705 53.042995
23.189293 51.535000
14.130581 15.484758
14.018586 40.741001
12.147182 48.912563
6.162396 11.079573
17.831944 1.588133
19.696802 1.581843
6.248304 51.032421
3.439586 33.683220
5.365975 36.113434
19.202448 54.524536
12.848407 55.563049
10.995852 61.004192
1.428719 13.383112
12.568968 56.066685
15.866687 4.474804
13.226845 32.501598
13.615794 12.473196
12.468026 12.380095
19.804789 53.187916
23.396212 52.571796
1.007112 41.998505
13.598693 44.430260
25.139845 1.563485
19.136007 11.326727
19.880104 35.281151
14.329847 60.901104
27.412579 4.898713
15.612668 62.186424
3.222847 11.794163
20.774071 59.379131
17.570549 40.331562
2.458538 40.808437
28.009975 7.517030
13.101020 32.713066
16.207926 16.476910
23.530134 45.111553
20.788355 54.528660
23.890715 2.986370
31.168234 5.510357
9.981048 5.928017
8.674676 47.937744
28.113295 56.617115
15.969279 43.156139
17.503948 55.669857
6.942801 56.627651
6.477641 31.873018
4.048623 35.567638
4.697298 58.169926
2.437828 36.758488
7.790361 58.759148
2.969429 23.786486
8.849426 5.050117
10.687199 52.654636
13.995911 44.600216
2.801776 6.581189
16.327564 13.219189
30.370762 56.562107
3.906940 39.959282
6.307875 41.097008
18.452749 59.111443
5.310649 50.285095
8.367552 55.534519
16.374119 43.041592
22.306263 41.814693
1.195631 37.705257
5.959161 23.189516
19.568604 58.224316
1.598288 13.344465
9.676928 12.833323
22.992935 43.347149
4.029068 40.306355
20.050463 41.551197
13.282304 50.020763
12.496164 14.207823
7.161286 39.506638
0.901927 13.461655
1.587922 8.860584
19.435728 12.032391
7.887116 58.254169
9.907348 35.569546
1.620925 15.441387
0.812834 46.044506
17.604527 1.588900
3.812334 50.889194
9.539658 22.566545
16.426832 43.380836
9.382826 58.422165
11.615314 10.664322
11.035194 16.209436
2.698471 14.338896
7.752048 40.317879
12.920939 23.444342
21.250895 56.016636
23.046774 48.159523
19.505196 51.527538
6.283804 11.053402
17.454456 8.433105
11.692220 12.501163
7.222147 17.434940
12.567708 34.946156
20.920980 9.702560
5.196464 31.940983
2.964485 6.568711
15.082847 42.112911
6.586611 52.139214
6.856317 32.095074
12.187963 14.261003
4.120734 51.980007
7.577957 56.624638
12.469840 47.469479
30.656231 2.788020
15.920966 39.519066
1.258532 49.980194
12.769679 24.503874
27.511597 56.930473
29.350256 4.637154
1.904057 44.542641
21.957232 49.275509
24.869898 57.742310
6.133205 18.240133
17.407816 61.427776
19.606169 16.897257
10.070596 14.060074
7.592184 36.794228
21.756950 1.574895
26.016558 10.628645
7.616059 16.572428
5.508744 45.373138
9.637036 48.680210
23.409529 10.693563
9.193491 14.767883
0.971492 14.047173
27.471943 52.253101
20.160845 58.408749
9.695633 35.349762
6.877131 10.761984
16.399330 55.815899
2.909305 46.473797
18.545773 1.585726
4.978207 35.722340
12.693602 1.605464
3.056055 26.686617
18.060917 3.566368
23.684111 39.058926
23.391562 49.485737
19.462763 22.013062
16.812275 13.396601
26.034473 54.344784
23.599581 40.154102
16.056429 4.427411
15.443690 39.241150
21.993484 48.882259
5.466654 28.334915
16.421431 1.592891
9.356001 8.211482
20.357382 42.269009
21.791992 1.574777
19.287794 56.012383
5.136412 32.392628
23.492046 7.202241
9.020202 15.953220
7.537774 58.780594
30.915983 1.544004
15.444945 61.774811
3.121653 58.577785
2.965653 49.825466
15.699471 54.825733
2.731529 43.793736
15.427577 14.442814
14.758802 45.013050
1.544471 5.961326
2.762491 41.079571
16.384172 18.653973
10.870299 11.336176
15.562249 1.595788
15.832505 34.747021
11.068093 7.574203
3.517651 24.067890
15.790957 28.926472
11.159574 36.192268
10.032071 12.968935
4.158094 21.077860
10.132317 37.934559
0.782492 40.990543
15.765512 57.548592
2.227090 56.115673
5.897676 11.695427
21.901228 48.128468
6.170871 5.627972
17.411760 36.470875
20.235451 51.615200
19.175179 11.186148
10.683592 8.420416
17.207361 23.245384
3.978666 20.518087
18.333735 9.723204
10.231556 49.225426
30.995539 61.574413
8.042771 42.081882
10.197587 32.934536
2.740139 59.295322
3.316548 24.275303
19.990364 57.726147
19.089539 46.584373
22.306263 41.814693
17.499901 35.154228
17.437939 46.007641
22.526398 43.349903
23.353533 4.708327
23.124044 45.635426
16.013872 11.615019
11.498807 8.513801
21.734274 46.582882
10.910451 8.521360
11.220719 61.495846
20.354900 40.271679
14.137296 5.462977
21.973967 48.880760
0.800243 26.114992
9.469553 45.551048
4.442877 58.616493
19.730217 35.569729
13.938239 36.375267
16.050076 8.835087
24.809814 7.719865
19.297899 55.846203
17.198177 15.708050
30.575872 1.545151
16.336468 58.564198
8.072186 53.220818
22.878885 58.091152
19.379761 11.382977
8.271890 1.620377
16.091484 5.023105
28.807840 7.208401
4.128611 55.310360
11.427232 10.061058
20.348719 53.735073
9.946649 8.125993
9.883206 19.610394
17.470398 5.067512
19.810837 37.114872
14.165726 44.583534
7.589598 37.034985
8.168232 4.236667
15.012837 46.204990
6.984282 30.779367
4.735146 34.895847
19.719872 25.258406
16.004192 52.660099
20.473888 13.459988
12.140592 50.742367
27.329109 56.304211
18.676336 18.495890
5.142321 40.400490
26.248178 5.835624
3.072605 5.637829
23.325619 40.862087
11.331228 10.056622
8.983394 51.212181
8.399064 54.879482
14.708231 57.876972
10.703555 1.612176
29.973881 55.552612
19.921404 38.411530
9.346807 3.660173
5.670531 35.494823
23.912191 56.856464
7.363714 4.919353
23.843174 43.183846
31.149050 10.529799
2.431005 31.185013
9.245599 15.004156
16.497169 52.555248
