14.884660 22.997175
17.214759 41.807667
14.980222 61.715242
14.593175 12.780888
13.205975 14.893416
5.495054 21.318537
18.946504 49.085296
19.315665 1.531989
5.964043 39.739570
0.622775 22.078867
1.207014 27.458458
23.824464 56.179811
19.192404 44.768549
6.626966 8.640980
15.602347 19.106380
7.170011 10.176489
22.811037 9.739546
27.248620 54.924486
8.109188 44.532664
23.034614 59.842506
15.277768 55.581295
9.316607 32.914820
23.119823 44.738492
20.398318 2.041023
7.628742 57.261737
14.887701 61.989175
3.436050 28.498405
19.393509 50.516686
3.867686 39.456284
17.534433 48.833634
23.665332 60.960629
5.974621 34.987645
14.806059 50.633188
13.865241 40.199121
13.077425 13.207954
6.753849 10.673039
9.990084 44.035233
23.671264 42.739882
27.560068 57.473851
1.314171 21.599990
17.440237 46.204355
1.349050 52.308673
4.230263 58.398168
4.473836 50.717702
13.083867 20.931021
7.588432 50.505907
2.666875 29.942650
5.265082 28.081913
0.706250 33.435525
18.853027 36.218480
8.586723 38.795277
1.251450 51.928941
14.944652 41.601979
5.182572 57.695457
3.247121 48.941518
9.859795 58.376596
4.316771 28.161846
23.974905 60.444879
26.101638 0.550125
4.801115 28.586108
4.603157 57.947814
1.409659 21.414161
23.809021 4.520750
4.465756 29.059996
27.279971 58.045163
11.925184 61.607309
11.208688 16.236636
3.368546 19.463662
7.308723 23.669557
9.381634 52.776975
15.542777 52.057225
3.284146 21.589763
0.906532 21.926074
17.961308 44.081973
5.855425 28.626220
22.240173 47.255122
5.565573 55.635827
9.501742 58.182735
10.306622 2.283100
16.305677 53.583943
1.465900 49.421084
16.252262 12.157376
18.993130 45.377649
4.291013 16.268782
19.645632 18.913480
11.582319 43.837743
1.130100 34.986742
10.392682 43.595709
5.326693 40.250146
25.646770 7.601987
21.950042 61.197742
15.103267 38.628525
18.369585 38.741848
2.765479 39.417500
12.593900 15.841975
8.220327 34.929550
10.231718 45.160336
0.697950 38.549016
15.427463 56.232697
14.796689 18.685945
25.182684 7.575725
16.191412 56.559495
15.285616 5.650664
11.844330 39.150765
21.882593 1.205021
15.012504 56.225627
20.917094 56.235798
1.894000 42.654829
6.611500 19.787846
28.899996 59.725093
12.668454 19.988114
24.267820 49.587500
18.595750 19.499514
15.911804 55.486687
12.188414 52.746857
28.899348 54.737168
0.893150 14.665138
17.177055 52.741057
17.990511 2.223280
5.363119 28.961086
9.893011 22.133075
5.847354 20.894315
1.102696 21.146036
8.868520 8.564555
1.099671 21.581999
26.578118 54.950620
18.301705 38.399957
9.750182 9.234070
10.526234 0.769957
19.620664 54.776020
23.819075 59.843232
0.535475 19.387350
8.104866 54.303641
16.746230 21.659812
18.343561 5.117357
18.025183 38.234359
28.209744 54.312391
24.286811 44.962382
5.144457 26.967392
30.281386 1.542545
15.306493 10.309361
27.488912 9.506084
10.751093 6.109854
3.906011 39.991343
14.596271 21.534100
8.491675 36.834153
6.603850 15.405887
15.621117 18.011650
4.479218 57.370175
4.641720 23.447079
17.514745 34.257157
29.197539 4.780296
16.052674 57.519624
16.498810 3.125771
19.810296 16.091429
13.621601 3.647929
14.424546 57.740361
9.099950 11.623107
1.495264 28.254213
9.398728 53.658543
7.682686 15.316195
25.142589 8.349389
14.500647 5.181208
15.133211 33.860836
14.435679 20.206855
21.222957 2.397575
7.555027 56.750565
7.487023 41.483558
11.120177 0.883386
11.893168 48.715694
3.912683 53.394150
9.296125 16.461682
4.121179 55.445726
5.852360 29.243396
13.996477 23.010588
8.273343 62.155612
24.226513 5.194011
18.138682 11.507166
18.279286 5.312982
0.963150 28.081735
22.821902 1.515990
20.117121 41.290929
22.011451 44.150629
14.775711 35.435293
8.997475 44.451713
11.206354 61.262676
19.930075 22.666810
7.682686 15.316195
18.513164 38.275327
1.094384 30.149066
7.048250 18.860615
9.920320 11.590630
26.884153 9.771966
21.772254 34.137157
17.160264 9.930288
7.958691 20.000725
21.231435 48.360008
12.189623 48.389443
10.175777 42.512389
25.116084 6.004075
4.754583 28.422329
13.512333 59.603024
11.618150 47.626857
16.319611 55.411073
16.590507 18.223675
1.407338 20.379021
6.009668 31.444111
9.149575 24.048414
1.804450 12.474719
11.726925 37.402116
9.469086 18.251054
19.252868 51.491036
20.603898 51.949810
10.513080 58.520967
13.657039 22.974609
19.831700 14.320245
12.166104 17.609473
15.645336 62.231382
16.696736 57.690012
24.510375 7.974628
28.929959 56.309943
13.159824 53.545825
22.434712 45.458276
14.510839 15.367202
14.323270 41.203473
11.856443 48.387208
6.847400 12.020657
18.008150 1.795095
20.040640 1.211929
5.940807 49.786609
2.862350 33.946183
5.068068 35.655691
18.582882 55.223683
18.121075 54.980633
11.206354 61.262676
2.189350 13.400068
14.226648 56.341673
15.930609 4.009211
13.504070 33.344614
13.475900 11.890718
12.675081 11.428763
21.527170 61.174442
22.228787 52.991225
0.677629 40.716977
13.782732 44.284137
25.509735 2.367412
17.945018 11.589475
19.274779 35.955739
14.863602 60.909639
28.981741 5.078643
15.500182 62.188093
3.225473 11.559007
20.083506 57.035634
16.999096 41.010510
2.427436 39.280734
29.281596 8.536654
13.368650 33.533904
15.606617 16.155664
21.788791 45.295993
20.761317 56.801805
22.151909 2.973925
29.757460 4.529505
9.637780 6.117675
7.925875 47.965207
27.789269 56.909163
15.826120 43.570186
16.041361 55.706607
6.993586 57.387025
4.529875 29.497601
3.940137 35.412052
8.746956 56.179385
2.596511 35.950696
8.239384 56.873577
1.776221 22.229127
10.163868 4.766971
11.065024 53.889657
14.515907 44.623657
3.618937 7.393382
16.718500 13.042207
30.106575 56.297755
3.745450 38.966186
5.976425 40.353293
20.105384 58.949654
4.897575 49.622752
8.429220 54.743135
16.137098 43.505427
21.511516 41.511068
0.980900 35.403881
6.554984 22.911340
21.084268 57.643570
1.280200 13.412731
9.824925 13.308471
23.746350 43.260454
3.881436 39.546762
18.806632 41.804540
11.906875 51.370893
12.296275 13.190476
7.866673 39.511391
0.700412 14.988349
4.298737 11.031492
19.561293 12.010419
7.743886 56.959707
10.033241 35.436130
1.934600 14.551071
0.604025 43.905137
17.727317 1.814112
3.091377 49.913898
9.471570 22.161414
16.328159 43.711177
9.478784 58.303744
13.634611 10.264775
11.320738 15.901942
3.382325 14.796135
6.819700 39.796051
13.029718 22.892871
20.346541 56.442692
23.318543 47.968402
19.965175 48.376254
6.846775 11.967607
18.171532 9.019444
11.705475 12.060755
7.343446 16.734533
13.402252 35.372591
22.373585 9.778207
4.956695 31.120740
3.520010 7.414599
14.802443 42.675535
4.257425 49.326643
6.386567 32.461848
11.645650 13.839321
3.781257 52.126079
7.641102 56.768640
12.094675 46.994801
29.905045 4.576155
15.674591 39.996107
1.197325 49.511457
14.239913 25.019546
27.731752 57.122362
27.787158 9.823842
1.900250 42.979196
23.621950 48.482221
24.686904 57.451073
6.600250 18.205619
15.919773 61.251074
19.453381 16.906113
10.512900 13.993036
6.907435 35.511170
21.663707 1.251096
25.649973 10.127318
7.356271 17.227140
5.568400 45.606683
9.347086 48.112164
23.902085 9.806704
9.832375 15.006645
0.650175 15.043367
28.090470 53.468525
24.544732 62.175929
10.079262 34.787279
7.180346 10.298154
15.427463 56.232697
2.816825 46.866034
18.329129 1.736918
4.302545 35.662898
11.568480 3.128057
3.266855 25.822671
18.076057 5.044486
22.766195 37.616910
23.174202 49.333911
19.859000 21.256877
16.485310 14.326068
25.872662 54.806637
22.523715 43.303465
15.921709 3.883613
15.558551 39.730878
20.846602 48.215136
4.959795 28.826381
16.296743 2.677713
9.058136 7.837243
21.598088 42.426420
22.285159 2.012844
18.477466 58.698239
5.128798 32.102180
24.698838 7.114217
9.505125 15.570361
7.530669 58.776208
29.318383 1.919924
17.881585 62.168742
5.658941 57.188281
2.967068 49.113223
15.951421 54.449407
2.476200 40.926916
15.113250 14.699680
15.146166 42.503962
2.160554 9.479775
3.471575 40.403340
16.746082 18.237475
10.256500 12.095768
15.938382 0.711675
16.604507 34.802500
11.731480 8.364243
3.714296 23.702082
18.071079 23.869227
11.883918 35.835650
10.171750 13.400018
4.756454 21.735043
10.191212 38.534616
0.726950 38.436693
18.712674 55.975339
2.417675 55.221195
6.579325 12.030850
21.230222 47.934436
6.749573 7.011348
17.415586 37.150457
20.123457 52.013452
18.652419 11.944220
10.611018 9.309398
17.922413 21.990713
4.202843 19.566902
16.635617 9.356600
10.041006 49.275267
28.004587 59.737175
7.648280 41.259205
10.359643 32.986625
3.873311 57.892657
3.253155 24.906095
16.565028 56.846852
18.517495 45.131403
21.511516 41.511068
18.533791 35.375062
16.655543 45.584325
21.546568 43.420684
25.473532 4.844121
22.564621 47.267866
15.757398 11.236311
11.178047 9.919104
20.946740 46.078032
11.167614 10.434850
11.415980 61.659195
19.750195 40.633008
14.451442 6.091838
23.194271 48.384264
0.243900 26.761939
10.488382 44.186551
7.448379 57.817587
18.385586 37.000976
14.542315 37.056675
16.317321 9.463357
24.607123 7.655196
16.512596 53.358925
17.361897 16.028330
29.513543 1.205870
16.220764 58.786756
3.666290 52.356600
22.659104 58.294131
19.804793 11.502125
8.600704 1.594164
15.535136 5.802919
28.739537 6.790651
3.462769 54.751296
13.189373 10.556211
19.797141 53.656768
9.754690 8.003429
11.307938 17.763600
20.617625 2.443864
19.758271 37.685368
14.747702 44.040882
7.824654 35.593067
9.836300 4.817093
14.340902 45.805814
2.940625 29.486515
5.292283 45.387086
20.041968 23.345580
15.067965 52.233275
20.196050 13.899995
10.650839 50.675325
27.431539 57.028320
18.026775 18.592150
4.832271 39.984371
28.268206 6.002179
3.170341 7.240196
22.889582 41.268629
11.832165 10.301887
9.458224 51.631193
8.245186 54.485532
15.433277 57.597262
11.409289 1.649307
28.772434 58.108914
18.085277 38.376996
10.237780 4.077487
5.314643 34.519180
23.693943 56.895177
7.288418 5.538645
24.298204 43.984246
28.976767 9.727579
2.859700 31.777354
9.902000 15.100839
16.281954 52.362150
