15.778955 24.686480
17.620018 41.078773
15.727254 62.631622
14.547165 12.735806
12.074279 14.001208
5.007587 22.388922
19.422405 49.505913
20.085583 0.912470
5.971746 40.516701
0.463684 21.741751
1.305890 26.793905
21.599339 56.644165
18.205566 45.104080
6.096802 8.756418
15.726533 18.285275
7.525277 9.720612
22.760189 9.510802
27.004246 55.576355
6.308770 45.176392
22.679432 59.989372
14.607446 55.718620
8.694554 32.687881
22.701729 43.430290
20.556095 0.907459
7.841085 57.254990
16.581348 62.789017
2.551706 28.385044
17.912159 51.155571
3.547472 39.601387
17.096809 48.584503
24.575916 59.804886
4.728459 34.524670
14.105541 50.166412
13.165643 39.811829
12.745301 12.457353
6.581954 9.848791
9.776952 44.576218
22.442444 43.983406
27.281406 57.980209
1.118632 21.456667
17.632187 45.177895
1.172516 52.730316
3.265545 56.898460
4.961080 50.459663
11.181495 21.063892
6.053608 50.194878
2.763233 29.454575
5.620775 27.877527
0.828588 37.875069
17.350563 35.677681
8.245609 38.934532
1.032703 51.532860
14.549621 41.029694
2.380462 57.576210
3.148854 49.031898
10.309922 58.284424
4.814037 27.483788
30.462696 61.403267
24.335327 0.903197
4.635146 28.768726
3.578036 56.663757
0.810392 21.723722
22.715580 3.692479
4.461179 29.179102
26.916687 57.542389
13.205647 61.460838
11.026660 16.532724
2.233593 18.653709
8.060661 22.683119
8.819870 52.554077
15.140765 51.055573
2.568865 21.754856
0.794241 21.839678
17.194508 43.879181
5.706649 28.024733
21.544563 46.988609
8.123685 55.153030
10.137979 57.990540
9.434834 1.660454
16.124729 52.980873
0.676455 50.652466
15.786103 11.689198
18.441067 46.276566
4.432659 15.292089
26.592911 51.296783
11.229107 43.792793
0.842400 34.648880
7.688345 44.085068
5.299962 41.325226
23.808846 6.724593
24.410278 59.012733
14.403266 38.311478
18.492386 38.486115
2.078531 40.242241
11.713852 15.308147
7.672016 35.253136
9.445135 46.102013
0.210961 39.055992
15.573092 56.306816
14.941397 20.860725
24.344845 7.522135
12.043038 56.493546
15.962287 6.241919
12.189044 37.849121
22.526871 0.745099
15.277869 56.475700
20.612000 55.761955
1.651152 44.413216
6.785079 20.019144
28.848133 59.553909
12.736665 19.896416
28.091221 58.839470
18.885853 18.603172
16.196228 55.627289
13.573596 52.291313
28.656246 56.588615
-0.130683 13.153801
16.086430 52.398552
18.654404 1.215067
7.213236 29.860464
9.773915 22.643845
5.665321 20.281092
0.923607 20.737051
10.852426 7.125747
0.930783 21.281816
27.200226 55.919708
18.092850 37.763733
10.028586 8.365026
9.793056 1.664536
19.182896 54.420700
13.086369 56.088715
0.641922 19.626816
8.695851 55.703384
14.822593 20.265297
17.896423 5.116986
18.058640 37.596542
27.868782 55.588051
22.388050 44.417252
5.558396 27.111052
29.799320 2.381544
13.216489 10.347367
28.077728 10.040236
10.043548 5.699280
3.468088 39.221436
14.556573 21.777777
7.937957 36.583717
6.146249 14.199733
15.609710 18.244728
4.920003 56.629608
4.455037 14.667645
18.218273 33.854851
29.689995 4.998435
15.927073 57.587936
15.324889 1.491096
19.688282 16.158283
13.758471 2.670642
13.799893 57.574104
9.958428 10.210574
1.191931 28.140093
9.207108 53.512924
7.092155 14.200150
24.628811 8.080049
14.889296 3.879650
13.054821 32.762077
14.088725 20.152540
22.680130 2.892068
7.855641 56.949402
6.082510 41.825317
10.452879 1.670709
11.205334 48.905762
3.016506 52.975174
8.774559 16.977886
3.503493 55.729904
7.100851 30.932861
13.893111 22.750244
8.419342 62.133438
22.273827 4.437847
18.479439 11.021327
18.172798 5.695741
0.967818 28.481077
23.772984 2.237559
19.406498 40.677773
22.743626 44.111282
14.172462 34.965569
8.788536 44.536293
12.629099 60.992500
17.932552 22.146830
7.092155 14.200150
17.873241 37.202904
-1.134264 18.987169
6.639751 19.203804
9.636642 3.981922
28.452209 10.270927
23.805866 39.498863
17.166088 9.593166
8.438723 20.145956
21.174202 48.221619
13.506094 48.445435
9.759113 42.161682
26.550930 5.431261
4.483291 28.545937
12.709250 59.635719
11.921992 47.796249
16.159004 55.736610
16.205284 19.005341
1.565392 18.117706
5.959478 31.664993
9.075966 24.309988
1.095374 12.085003
12.154288 36.426369
9.255166 18.330921
18.901924 52.573990
20.100906 52.237572
10.666001 58.165405
13.606532 22.733953
19.528275 13.991341
11.689549 18.742935
16.118622 63.089607
17.922649 58.102905
23.733910 8.076253
28.548710 56.770180
20.364563 55.618362
22.384396 51.776917
13.836732 14.096633
13.783885 40.983452
11.233563 48.334503
5.656896 10.144702
18.800438 1.207925
20.528473 0.909433
4.987444 50.030037
3.059783 33.556328
4.868501 36.195198
18.373413 55.340225
13.163074 55.149811
12.629099 60.992500
1.383202 13.092863
11.918076 56.827309
15.216912 4.772464
13.417344 32.314812
13.319266 11.594591
11.809636 10.545671
24.279655 59.105888
22.567612 53.311501
0.776944 43.149925
13.559456 43.692093
24.817646 3.890811
18.540215 11.157699
20.302959 35.353081
15.584097 61.154854
28.421047 5.726938
16.377375 63.062164
2.932249 10.933541
20.310650 59.215302
16.606129 40.663750
3.036173 41.649872
27.776997 8.259164
13.292713 32.325134
15.492192 15.811498
22.082764 44.986649
21.590775 55.360405
23.278519 3.415728
29.237717 4.964247
9.981931 5.590431
7.626600 48.329613
27.039745 57.694489
15.073294 42.865585
16.126686 55.961014
7.340621 56.482849
7.853014 30.735909
3.985089 34.838203
7.465889 57.500122
2.639110 36.880211
8.998964 58.628952
2.315224 22.863359
9.120903 5.678490
10.994731 52.839172
14.124290 44.246613
3.456406 7.222810
16.042236 12.674710
28.374580 58.303139
4.020096 37.779076
5.548673 41.117989
21.691490 56.526535
5.124983 50.401749
8.199542 55.938103
15.455846 42.742050
21.269367 40.537384
1.249160 37.435806
6.729445 22.991312
19.643040 58.222786
0.928751 14.376684
9.332065 12.236287
22.137829 41.851875
3.560477 39.831429
18.661858 41.430069
16.061348 49.572121
11.469061 12.295804
8.239079 39.150085
0.145126 13.870228
1.445114 12.799610
19.116661 11.261684
7.975840 58.627617
9.868771 35.373306
1.820394 15.698914
0.164602 45.278618
18.520088 1.239374
3.738899 49.872978
9.631029 22.525055
15.364623 43.232536
9.976293 58.149925
11.841641 10.133253
10.805559 15.425014
2.980719 14.336238
6.758142 39.488457
12.743021 22.903757
21.420807 55.449997
22.517803 48.221245
18.858902 50.012718
5.624218 10.231668
17.945972 9.264267
11.212066 11.292118
6.775629 15.832220
12.524247 34.675003
21.692825 9.540618
4.368108 30.103245
3.358161 6.967983
14.892189 42.656937
4.638618 49.996147
6.584603 31.442381
11.434426 13.316901
3.610611 52.230301
7.608783 56.699188
12.334832 47.117119
29.432617 4.978980
14.641789 39.208389
0.538288 50.708061
15.885793 24.642391
27.431328 58.100830
28.271698 6.134872
1.526357 44.711235
22.816509 48.516998
24.572735 58.318649
6.914519 17.759407
17.412117 62.831894
19.471207 17.144547
10.139985 13.293381
7.368973 35.869598
21.825264 0.752275
25.069847 9.735429
7.476359 15.665515
5.836947 44.995110
9.370029 48.256042
24.022144 9.669775
9.553761 14.499354
0.278825 14.027302
28.962166 52.591797
19.920376 58.830193
9.603008 35.001152
7.017830 9.755550
15.573092 56.306816
2.845337 46.688705
19.565090 1.090639
4.480721 35.309135
16.827328 4.026146
3.035129 25.145002
16.965460 4.680832
24.477180 39.974525
23.419151 50.315964
19.902786 21.470448
15.824655 13.466366
25.727863 55.181496
21.811371 38.644112
15.675915 4.746693
14.740268 38.389854
20.583015 48.152641
4.911802 29.237413
16.143997 3.974493
9.453247 7.849443
20.179935 42.773064
23.069126 2.471136
21.328712 59.014381
4.788027 32.098206
22.384129 7.542675
8.981644 15.208096
6.954658 59.224770
29.333870 2.416709
17.756321 60.646812
4.236543 58.599831
2.948835 49.050789
15.857184 54.807755
2.057881 44.120972
14.821635 13.620014
13.951033 44.125732
3.022874 6.098315
3.414602 41.027168
16.351768 19.120646
10.044122 11.059347
16.436687 1.269883
15.180110 34.444908
11.573546 8.362074
3.505959 23.982695
13.763584 31.125496
11.393895 36.036293
9.646135 12.449593
4.038120 21.240412
9.542139 38.782104
0.223301 42.324394
18.387318 57.665871
1.583341 55.869141
6.464983 10.694184
21.207802 47.562218
5.933711 6.482230
16.545761 35.993202
19.617943 52.276924
18.526173 10.962871
10.550864 8.813135
17.755333 23.110573
4.264306 20.195200
18.295551 9.681984
5.920684 49.218445
31.626526 62.000618
7.560886 41.209686
10.652697 32.918205
3.380011 58.876869
3.690697 24.185303
18.719563 57.631584
18.249096 45.860481
21.269367 40.537384
17.620514 35.106232
16.230408 45.880646
21.743256 42.835228
24.972321 5.630148
22.184990 48.320312
16.051353 10.983556
12.192641 8.549965
21.319641 47.221039
10.420701 9.080235
12.750506 61.468369
19.908478 40.104233
14.104758 6.174910
22.602425 48.738289
-0.010154 28.087254
8.075570 46.397522
3.975276 57.444016
19.525105 35.021675
13.916797 36.350822
15.459718 8.617558
24.709183 7.755234
20.836666 54.612602
16.923492 15.397151
29.018684 2.306849
16.301207 59.150696
8.530972 52.763016
23.239647 58.376045
18.770714 11.118141
7.851406 1.650188
15.578595 5.175460
28.820190 6.835289
3.390642 55.132683
11.208656 10.110966
19.559380 53.281029
9.697403 7.885312
10.561645 17.478386
16.246101 21.944679
20.123466 37.386589
14.251809 44.188477
7.141455 36.105377
9.163618 4.969930
14.784144 45.271416
7.599061 30.575144
4.236268 35.367760
20.808857 24.618881
13.976214 52.656723
19.935707 13.809124
12.591352 51.314613
26.256500 57.820587
18.652515 18.039583
3.985246 40.822853
28.278606 5.900852
3.447975 7.200943
22.192974 39.886505
10.674727 10.027102
8.830671 51.387314
8.731591 55.373833
13.953178 57.883476
10.485401 1.672194
29.784836 55.587418
20.503357 38.373398
9.911722 3.503395
6.199745 33.733124
23.743385 57.175018
7.229721 4.552480
24.470089 42.114227
31.301907 10.157757
2.489158 31.055132
9.538492 14.826734
15.474878 52.651810
